16548
26496
26630
36014
16629
26630
26439
16440
16486
25389
25897
26630
26620
36810
39176
36630
36630
27111
36774
26629
16440
28503
29130
9130
36620
16496
26377
26664
13951
26004
29139
26594
16630
16307
26667
26640
26630
36675
19129
26439
36620
28987
26640
26764
27039
39176
26631
26772
6484
26639
26584
36628
27075
26342
11040
29176
14084
29166
29129
26675
26484
23263
24165
24274
26003
27039
26583
23495
27397
27300
26620
26628
19621
34131
26630
16460
26630
26631
23495
36620
26451
26250
26531
16486
36628
26774
26568
26631
26764
26628
15897
24130
13877
29765
26630
26630
26810
27255
36631
27085
34130
16754
39800
29140
26628
18504
29130
27255
26774
36820
26640
26630
26630
13950
20995
26629
13315
26772
26595
37029
26450
26630
16341
26774
29130
23639
26521
11404
29129
36631
27029
16342
26620
26040
26450
26620
25860
24140
26628
26040
24274
27256
26486
27255
33639
26595
16763
29129
26895
26532
26630
36630
23494
23315
26583
16484
18360
26764
26763
26639
4756
36810
26640
26485
26810
26629
26630
19128
24165
26783
28397
15860
26450
25859
16628
26250
14084
26604
26486
25815
26440
16485
13314
26630
26610
26387
26388
26485
26414
27111
29254
26280
26620
36630
27436
16342
26629
16486
27075
39129
26639
27157
27029
26568
36628
26667
4048
27039
29130
26773
26620
16485
27255
23069
28987
34130
26629
26630
14083
26630
26630
26640
19129
16629
26628
27029
34164
26773
26631
28796
39176
26630
26630
26630
25860
27400
26666
24140
8504
26629
26819
15896
26640
26629
26487
26486
24756
25814
29032
26754
26003
25128
26610
26630
27029
26629
13950
36631
26640
26629
24263
26772
26619
26629
32889
36628
25860
26486
27029
36810
26439
34140
26783
26640
16487
37255
37400
26629
28504
23541
36629
17255
26604
28986
36810
26629
26604
29308
27112
36775
36040
24104
32680
21610
22680
29131
16484
5715
26639
26620
36763
26630
26620
27111
27400
26783
26630
16430
28360
26640
26620
26487
13315
26487
26631
26450
25860
26666
23495
13951
26630
16430
26584
16295
26665
26004
29128
36629
26905
23495
36630
26450
29755
26619
25994
26630
27112
16595
26665
25860
26764
27255
15860
26640
26675
26619
26675
26629
29139
27400
29176
29130
6583
25860
25635
23485
24756
3135
26620
16584
23950
22860
26666
26630
26630
28841
16450
26772
26184
26620
26619
26394
28504
36630
29585
26820
26631
26639
26630
29310
29254
23951
26630
16450
36664
26584
25234
26531
26487
16630
27111
27397
26665
20000
26584
28986
28396
26343
16774
36620
8503
28996
26630
24130
29130
26774
26487
36775
16783
26630
26764
36629
27255
26620
26629
14274
26630
39129
26628
29621
26620
16486
26629
9139
28360
29130
27076
29128
21966
24120
26003
15870
26584
29131
36630
26820
36629
14084
26628
26810
36631
26630
26439
0
26640
26640
26387
29309
16414
18996
27012
26630
26639
26004
28987
28360
27256
24263
16486
16629
26772
26148
16628
33485
26810
16594
26485
27255
26250
23494
36809
36640
26773
29310
26630
36630
26594
16450
25815
26630
26620
36630
27076
26003
36628
15090
25860
28396
27039
26014
33494
16628
26487
18986
26763
19129
16594
26630
36667
17869
29140
21630
16486
33639
14273
27255
29129
26630
29621
26630
26639
13951
26676
25870
27002
27029
16784
26640
26439
26675
16532
24140
18996
14038
26628
25860
26604
25995
26676
26630
24140
23494
27255
29319
27265
25859
25859
16629
26584
36640
17075
29129
36620
25995
26629
26754
16763
26630
37075
27289
26460
29130
26440
14094
26676
26639
7256
26775
36667
26307
21966
26584
24130
26574
26628
26628
26630
28996
26450
29765
28504
16629
34275
24130
23315
26629
26610
26450
26810
36667
26584
36183
26629
26041
23495
28360
28986
39310
26522
27112
26754
26630
16629
36628
26306
29320
26764
26496
36630
28541
26820
29310
36639
23950
26630
16583
26628
29130
9129
16629
26496
26675
26630
26631
36629
16450
26630
23495
6568
24502
27255
26631
27397
26630
25815
29139
36773
14275
26763
25994
26306
28360
39274
27255
36773
26619
26764
26630
26619
23904
29284
26640
26629
26194
39130
23494
37256
39032
14275
26763
26594
15896
16584
27445
11041
24274
26619
26280
26388
29175
25860
36620
16487
29264
22255
24273
26341
26631
26629
14084
26630
37292
14074
26905
26665
26440
13299
26631
28796
25815
26774
26495
36610
29166
26568
26584
29176
26620
36630
26763
16439
16675
36809
27076
26763
26486
15859
26594
26630
39166
26630
26630
25995
26810
26819
39176
14094
23069
28359
26594
25859
26574
27111
14756
26307
6394
26631
10799
26754
23541
13314
26450
26664
36666
38683
26667
27435
26630
27029
26905
26808
26774
26584
26594
24263
26630
26620
26003
26810
26620
26630
26665
26628
26440
26451
36630
26394
28987
26548
16487
26631
16531
26630
3914
26630
26620
27156
36664
26640
25860
26630
39131
26629
28796
26486
26631
16487
29175
16485
25860
23648
27002
17256
26014
26487
21450
27265
29131
17256
9129
29130
26485
27029
26548
26675
26629
24263
24275
26619
19131
26630
26595
19140
16628
27111
27111
26496
26484
36966
26620
